2 -5.89337e-13 -5.89301e-13 -4.62841e-20
2.1 -1.4799e-11 -1.47951e-11 -2.51928e-17
2.2 -1.39708e-10 -1.39312e-10 -3.46023e-15
2.3 -5.43138e-10 -5.25328e-10 -1.97185e-13
2.4 -1.40958e-09 -1.10966e-09 -5.70812e-12
2.5 -4.37175e-09 -2.49267e-09 -9.74988e-11
2.6 -9.37686e-09 -4.76602e-09 -8.58809e-10
2.7 -1.24056e-08 -6.18381e-09 -3.44167e-09
2.8 -1.67785e-08 -7.88533e-09 -7.51012e-09
2.9 -1.98167e-08 -1.03792e-08 -1.34757e-08
3 -1.69983e-08 -1.20666e-08 -1.99193e-08
3.1 -1.39805e-08 -1.07001e-08 -2.35393e-08
3.2 -1.47287e-08 -9.17424e-09 -2.76017e-08
3.3 -1.54053e-08 -8.67961e-09 -2.68688e-08
3.4 -1.28686e-08 -4.76651e-09 -1.53617e-08
3.5 -1.18743e-08 -4.92037e-09 -4.72102e-09
3.6 -1.42732e-08 -1.29445e-08 -3.67552e-09
3.7 -1.66701e-08 -1.55631e-08 -9.79513e-09
3.8 -1.64079e-08 -1.01077e-08 -1.81326e-08
3.9 -1.09322e-08 -2.74059e-09 -1.82608e-08
4 -3.44105e-09 7.43746e-10 -8.60596e-09
4.1 2.72874e-09 2.81172e-11 1.19878e-09
4.2 4.89805e-09 -2.41161e-10 1.2059e-09
4.3 5.32939e-09 2.99337e-09 -2.61338e-09
4.4 8.7065e-09 6.24558e-09 3.32034e-10
4.5 1.43441e-08 7.15577e-09 5.9541e-09
4.6 1.35171e-08 6.02994e-09 7.40281e-09
4.7 6.85188e-09 5.90071e-09 8.58529e-09
4.8 8.65097e-09 1.02813e-08 1.72763e-08
4.9 1.84268e-08 1.40956e-08 2.39811e-08
5 2.35396e-08 1.27415e-08 2.06959e-08
5.1 1.90916e-08 8.51669e-09 1.07321e-08
5.2 1.57764e-08 6.2526e-09 5.90858e-09
5.3 1.42878e-08 6.35772e-09 4.0885e-09
5.4 1.90085e-08 9.1013e-09 1.0366e-08
5.5 2.30971e-08 1.2739e-08 1.70105e-08
5.6 2.63805e-08 1.40971e-08 1.27232e-08
5.7 3.57204e-08 1.42136e-08 8.09421e-09
5.8 4.19803e-08 1.55541e-08 1.13446e-08
5.9 2.89385e-08 1.10902e-08 6.15781e-09
6 4.92421e-09 2.80152e-09 -7.63472e-09
6.1 -2.42133e-09 2.26892e-09 -7.03984e-09
6.2 5.00768e-09 5.08496e-09 2.5861e-09
6.3 1.02348e-08 6.6729e-09 4.93211e-09
6.4 7.70909e-09 5.83214e-09 3.41804e-09
6.5 -1.22377e-08 1.76501e-09 -2.91568e-10
6.6 -4.02408e-08 1.52248e-09 -1.4129e-08
6.7 -4.96459e-08 2.77187e-09 -3.43658e-08
6.8 -4.36393e-08 -5.6432e-10 -3.50854e-08
6.9 -3.67967e-08 -6.28974e-09 -1.87304e-08
7 -1.84794e-08 -1.05007e-08 -2.4552e-09
7.1 -5.23128e-09 -1.20144e-08 2.66189e-09
7.2 -1.15354e-08 -1.3272e-08 -9.63585e-09
7.3 -1.70942e-08 -1.10228e-08 -1.7232e-08
7.4 -1.86265e-08 -2.89842e-09 -1.49104e-08
7.5 -1.40594e-08 9.63662e-09 -5.76774e-09
7.6 -8.46565e-09 1.05844e-08 1.36703e-09
7.7 -1.14247e-08 -4.36761e-09 -1.93917e-09
7.8 -8.68841e-09 -1.06509e-08 -2.43669e-09
7.9 3.67556e-09 -1.52556e-09 5.69608e-09
8 6.88193e-09 3.2104e-09 8.07024e-09
